464.392 137.172
464.452 138.279
463.62 138.494
463.948 140.561
463.464 141.45
461.517 142.367
459.953 142.934
457.766 143.206
455.915 143.889
454.143 142.44
452.345 143.252
449.771 143.215
447.228 142.42
446.06 142.211
444.157 140.672
442.466 139.902
440.85 139.241
438.506 138.222
437.186 136.266
436.231 135.104
435.064 132.456
434.174 130.441
433.816 127.694
433.773 125.35
433.447 123.364
434.236 121.18
435.301 119.659
435.975 117.808
435.793 117.197
435.86 115.27
435.02 114.898
434.014 114.417
430.198 113.755
430.454 112.588
431.288 110.12
431.314 106.177
430.904 104.388
431.473 103.49
430.483 103.785
430.489 106.646
431.067 110.673
431.041 114.218
430.605 120.372
431.436 130.634
430.466 138.634
429.425 144.502
429.3 150.353
429.053 151.989
429.824 154.251
430.236 154.857
430.551 155.636
429.497 156.255
426.49 157.98
423.595 157.679
419.506 158.08
398.52 158.171
376.053 161.706
368.171 162.67
354.645 170.711
325.288 179.598
310.225 183.223
299.67 189.444
288.244 196.931
280.967 199.89
273.215 203.732
266.517 206.458
261.504 209.407
257.965 212.235
267.501 206.344
321.121 191.375
358.436 170.837
412.905 149.852
458.07 138.274
510.202 123.297
557.065 105.664
616.71 93.004
735.867 94.7618
795.388 89.4359
818.082 82.1914
820.138 73.0556
817.218 64.0239
809.216 57.2528
793.523 51.5589
764.713 48.8772
726.214 43.5914
691.636 41.4119
661.213 37.897
635.072 34.5903
615.229 33.196
603.635 31.9304
594.38 32.6613
580.943 43.2731
571.795 67.2201
563.18 84.2572
561.213 101.892
556.871 116.592
553.017 133.51
549.57 143.192
546.639 155.4
543.575 165.039
541.138 176.553
538.393 184.592
537.798 194.823
538.175 205.068
539.123 214.319
539.243 222.175
540.355 230.618
539.646 236.792
537.891 243.341
536.146 247.365
535.577 250.629
535.546 253.888
535.832 255.907
535.636 257.792
537.25 257.219
539.798 255.853
544.087 252.76
548.806 239.731
552.63 221.06
560.657 195.281
560.927 184.852
561.167 182.371
565.864 178.773
578.141 177.563
599.783 179.996
628.756 198.073
644.007 231.041
646.033 246.887
644.18 253.284
648.091 265.457
647.206 280.003
619.802 292.061
583.444 295.408
540.406 300.486
490.187 303.297
444.008 305.872
404.419 308.201
371.954 308.184
347.901 304.559
324.477 298.762
312.021 300.257
297.187 298.266
284.893 289.378
277.565 274.224
275.692 254.494
288.534 235.258
333.643 229.514
376.192 228.241
391.355 223.928
398.511 219.728
403.643 202.15
407.037 190.225
410.247 181.419
414.058 174.83
416.866 168.119
418.206 162.276
417.501 157.472
417.41 152.781
419.145 148.187
422.635 146.429
428.032 143.686
452.005 143.743
486.264 143.63
515.256 150.033
544.488 164.706
564.035 203.027
583.765 239.797
602.251 266.518
608.158 276.886
609.908 279.52
612.568 287.539
608.854 292.596
602.254 293.9
595.334 295.281
587.89 294.825
574.917 294.741
541.532 294.237
515.767 293.028
500.587 290.366
481.363 281.874
445.921 274.157
404.394 272.182
392.94 281.279
382.432 278.521
372.884 275.64
367.71 270.436
364.261 263.613
361.348 258.657
361.698 253.237
366.592 249.093
372.303 245.266
376.623 241.603
380.372 237.362
402.01 227.52
415.619 224.929
425.554 221.653
439.584 216.326
477.5 209.464
522.76 201.823
544.134 204.773
565.176 208.205
584.22 208.165
614.57 225.273
632.955 238.421
633.343 233.377
642.298 238.634
647.741 242.314
647.829 242.445
644.149 241.475
633.39 237.82
599.344 235.82
575.816 233.278
555.566 231.656
531.602 230.604
496.122 229.789
450.015 229.858
412.4 228.816
379.161 228.662
360.929 229.541
347.131 229.613
338.891 229.096
337.097 229.223
339.016 229.901
340.733 231.747
341.909 233.334
345.938 231.231
363.965 219.67
405.777 206.23
449.232 192.245
476.421 183.759
491.2 188.49
519.231 186.105
571.489 187.032
654.434 211.334
667.996 220.316
672.174 224.256
672.04 233.04
665.247 240.993
652.179 250.145
636.791 254.455
613.426 259.005
585.052 262.245
557.152 263.583
530.342 264.676
514.765 264.733
503.472 265.404
494.301 266.58
487.267 267.63
481.375 269.716
476.99 272.049
473.398 273.397
471.047 274.858
469.588 275.663
468.243 274.304
464.877 274.802
459.454 271.753
456.329 266.291
455.51 258.86
458.292 252.425
463.608 248.657
469.327 246.117
492.145 244.132
512.076 242.517
531.972 231.404
550.703 216.336
584.208 196.143
643.139 172.604
690.56 159.735
715.245 157.392
723.068 161.19
739.175 156.47
800.156 154.724
848.525 155.813
868.863 156.173
887.257 155.646
905.747 154.087
920.959 151.132
926.783 146.938
926.172 141.433
920.358 136.867
908.553 132.993
887.461 130.983
871.188 128.467
862.955 127.717
855.189 126.9
838.382 125.498
808.064 124.778
774.074 124.454
749.467 125.613
741.137 128.032
733.648 132.83
727.204 134.977
701.132 138.459
689.77 140.567
682.757 140.236
678.504 141.266
666.79 141.346
617.554 144.202
587.005 146.007
572.903 149.345
561.669 151.835
551.863 153.632
542.719 155.123
533.819 155.539
525.227 155.506
517.871 155.318
511.829 155.001
507.792 155.116
504.955 153.952
503.002 153.024
501.952 154.24
499.733 155.369
496.823 156.16
493.588 158.965
490.186 163.955
486.995 178.86
483.46 197.959
479.214 217.812
473.389 228.462
463.189 239.592
442.749 248.024
426.938 250.31
408.841 254
377.981 255.148
339.059 255.09
309.771 253.933
294.206 253.367
279.628 251.839
254.658 241.96
219.075 227.29
186.056 206.713
161.525 189.423
152.303 183.427
146.902 181.554
136.947 174.639
133.682 167.701
159.818 150.517
191.119 135.99
213.43 121.189
245.668 104.72
280.156 93.5604
309.581 94.9524
327.816 96.487
340.361 95.1424
352.873 97.3935
386.585 130.563
409.494 168.406
419.67 192.994
423.693 202.247
427.26 208.247
434.152 217.663
439.974 226.162
444.717 233.275
448.184 238.039
450.594 240.944
451.464 243.143
453.788 243.245
457.036 243.556
460.834 242.875
466.255 241.495
472.133 239.854
478.394 238.595
483.257 236.393
487.632 235.095
490.871 232.191
491.712 228.262
490.91 223.617
490.339 217.535
490.945 209.283
490.535 197.276
483.722 176.742
476.109 167.875
471.303 167.966
469.908 168.934
464.525 167.665
460.647 165.278
458.178 165.169
455.85 165.3
452.508 166.263
453.381 164.582
452.247 166.929
455.516 167.276
456.252 169.115
456.461 172.862
460.199 177.519
464.104 182.736
471.68 192.532
504.151 208.093
523.692 212.076
522.621 207.483
531.696 212.885
541.388 215.19
552.958 219.559
560.906 221.643
569.408 225.119
574.286 225.035
578.639 224.795
582.784 222.965
583.578 221.003
581.884 216.355
578.605 211.752
561.586 198.194
557.058 198.539
544.023 188.612
518.565 181.816
497.988 175.955
465.699 166.259
439.806 163.418
410.18 159.77
384.778 152.409
361.226 144.863
332.738 140.487
321.892 143.887
311.682 136.708
