862 500
861.417 498.441
860.64 497.484
859.992 497.323
859.669 496.245
859.392 494.648
859.375 493.323
859.55 491.677
859.685 490.139
859.536 489.279
859.494 488.448
859.426 487.472
859.137 487.323
858.201 486.849
857.582 486.429
856.875 485.877
856.126 485.37
855.034 485.437
854.629 485.105
854.739 484.985
854.601 484.473
853.798 484.404
852.983 483.441
851.507 482.641
849.27 482.745
846.86 482.386
844.317 481.773
841.461 481.27
839.034 480.639
837.164 478.961
835.096 477.412
835.041 475.911
839.922 477.286
859.304 482.737
878.965 488.041
887.728 490.134
889.235 490.364
890.668 490.471
889.654 491.225
889.495 494.381
889.445 495.491
891.053 496.849
892.619 497.779
892.914 500.752
892.811 503.71
893.814 505.639
895.211 506.424
895.677 508.305
895.527 510.593
895.256 513.563
898.046 514.458
897.641 516.273
897.089 519.061
899.292 519.413
900.613 519.371
901.362 519.997
901.86 520.294
901.428 521.264
900.937 524.688
900.299 529.657
900.782 533.06
901.732 534.817
902.47 536.088
904.682 536.352
908.511 535.796
914.286 535.006
937.207 540.998
968.521 549.899
984.198 552.775
983.994 547.449
992.192 549.79
999.265 552.947
1010.49 560.828
1020.84 567.185
1030.14 575.144
1041.76 585.25
1048.88 588.377
1059.56 593.243
1070.45 599.855
1081.12 608.318
1095.63 614.588
1111.26 617.269
1126.02 622.512
1138.43 628.339
1148.05 628.489
1154.84 632.017
1158.45 638.631
1158.77 645.689
1159.15 651.185
1160.93 657.798
1161.03 665.418
1162.5 671.313
1163.44 676.171
1164.85 679.741
1163.08 684.175
1160.65 686.619
1159.58 684.902
1157.35 679.082
1150.33 677.228
1147.2 673.71
1147.63 669.606
1146.32 666.407
1145.59 664.667
1143.27 665.888
1137.49 667.731
1133.86 666.811
1131.34 666.067
1127.28 666.728
1122.86 664.297
1101.79 659.527
1076.35 653.632
1051.99 646.042
1035.7 643.683
1019.86 639.056
1002.72 634.454
983.909 631.156
966.388 628.404
952.11 624.346
939.126 619.903
925.896 616.912
912.926 615.419
901.917 615.057
892.797 614.779
885.419 613.582
879.154 613.268
873.977 612.489
870.946 610.971
868.437 610.272
866.388 609.092
863.888 606.473
855.13 603.815
839.804 601.608
815.523 600.807
794.696 600.769
777.684 600.111
764.18 600.479
753.546 600.228
746.812 600.173
742.485 599.432
739.448 599.382
739.823 599.356
740.684 599.097
743.732 598.585
747.982 596.975
751.68 596.821
758.728 595.61
767.746 592.614
775.967 591.429
783.962 591.022
792.073 590.197
799.329 589.622
806.534 588.671
813.979 587.672
822.107 586.668
830.465 586.524
837.569 586.444
843.795 587.366
848.524 590.124
851.204 593.738
858.477 594.689
868.269 591.206
877.065 587.556
882.35 588.371
885.864 589.89
889.412 592.996
895.039 594.21
901.477 595.076
908.981 594.647
914.398 595.636
919.675 598.008
923.453 599.679
926.684 604.103
928.321 606.631
931.284 608.665
938.771 607.448
944.377 604.738
944.831 604.175
943.08 605.77
938.31 607.461
932.296 607.929
927.919 607.612
924.96 606.591
921.983 605.218
919.358 603.743
918.436 601.723
919.368 600.153
918.855 601.785
917.885 604.247
923.726 604.972
934.403 601.18
941.525 599.215
944.891 600.586
948.786 600.758
952.701 599.791
955.65 601.142
960.556 601.64
965.182 601.556
969.901 600.761
973.618 599.296
977.078 599.311
979.797 599.44
982.184 601.798
984.559 604.345
990.571 604.781
1012.94 607.341
1028.91 610.879
1039.76 614.958
1053.56 614.299
1071.2 616.915
1079.75 620.051
1083.98 619.868
1093.83 619.472
1103.34 619.049
1112.21 620.745
1122.85 621.932
1135.29 618.292
1149.1 615.258
1160.96 614.992
1170.31 614.335
1176.74 612.138
1178.89 607.635
1176.85 605.271
1170.65 607.064
1163.56 609.756
1157.73 612.281
1152.15 613.826
1145.61 612.219
1138.54 611.821
1129.53 612.452
1120.29 612.828
1111.34 611.668
1103.02 611.757
1094.15 612.394
1087.28 613.572
1081.16 613.252
1075.71 613.205
1071.51 613.801
1069 613.191
1066.27 613.772
1062.7 615.465
1059.33 618.298
1055.82 621.001
1052.86 623.474
1050.93 624.283
1051.55 623.181
1049.74 623.273
1045.06 625.552
1042.42 628.136
1039.48 629.777
1036.05 631.104
1032.41 631.956
1029.76 631.558
1026.45 631.367
1022.55 631.149
1017.71 629.757
1012.55 629.261
1008.3 627.836
1003.83 624.93
999.623 621.459
995.541 618.416
990.758 615.776
986.701 612.682
984.255 609.389
983.019 607.364
981.172 607.778
980.887 609.129
987.5 611.964
997.775 613.774
1001.41 615.436
1003.19 617.809
1004.29 619.645
1004.53 621.351
1004.59 624.154
1005.01 627.297
1006.21 630.068
1008.36 632.263
1010.87 633.261
1014.77 632.006
1017.28 631.045
1017.37 631.757
1014.94 634.07
1013.36 636.398
1014.24 635.687
1015.09 635.3
1014.9 634.032
1011.75 635.052
1007.75 635.839
1003.69 636.926
1000.76 636.355
999.594 635.023
999.735 631.832
1001.23 625.062
1004.74 618.404
1003.24 617.429
1000.46 617.771
1000.43 616.999
1002.84 616.655
1007.4 616.937
1009.64 619.913
1009.28 624.221
1008.11 629.399
1004.63 635.07
1001.29 640.185
997.759 644.258
994.872 647.027
992.663 649.275
987.456 650.34
966.869 649.281
937.3 648.285
915.579 648.156
900.491 648.289
887.042 647.911
869.324 647.677
853.834 647.249
839.64 646.811
825.947 646.099
814.212 645.019
805.674 644.667
800.507 644.005
798.858 642.86
800.072 640.967
803.824 639.822
809.335 637.779
818.008 635.664
829.028 634.382
840.495 632.552
852.064 631.313
863.574 630.432
874.048 630.344
882.926 630.732
890.769 631.843
898.139 632.297
904.317 632.421
909.251 632.925
913.924 631.698
919.219 629.776
923.781 627.336
