975.263 137.158
975.286 138.877
974.362 139.494
974.682 141.71
974.17 142.769
972.218 143.375
970.743 144.172
968.532 144.484
966.644 145.284
964.826 144.945
963.062 145.312
960.406 143.867
957.921 142.064
956.717 141.703
954.818 140.219
953.093 138.835
951.448 137.651
949.124 136.351
947.799 134.922
946.821 133.891
945.764 131.723
944.874 130.192
944.573 128.399
944.536 126.917
944.116 125.436
944.937 123.878
945.942 122.876
946.64 120.977
946.48 119.551
946.529 118.277
945.696 116.579
944.665 113.333
940.867 109.27
941.122 106.903
941.979 105.261
941.973 103.629
941.523 103.924
942.077 104.791
940.997 107.648
940.958 112.272
941.47 118.114
941.438 124.895
940.88 132.824
941.612 145.395
940.708 154.705
939.606 160.446
939.484 166.094
939.142 171.148
939.785 176.474
940.051 180.398
940.236 183.469
939.188 184.808
936.297 185.691
933.278 187.201
929.15 188
908.165 187.895
885.7 191.827
877.563 194.997
864.081 204.3
834.846 211.767
819.923 213.916
809.457 217.782
798.153 223.196
790.905 225.484
782.951 231.027
776.139 235.177
771.006 238.079
767.5 240.008
776.661 233.96
830.054 219.022
867.277 197.72
922.101 174.21
967.635 161.195
1020.2 145.685
1067.52 126.768
1126.5 112.539
1246.21 110.735
1307.14 102.728
1330.07 90.7344
1331.83 73.7367
1328.36 62.6986
1320.2 51.9813
1304.21 42.1467
1275.02 34.9966
1236.01 27.1218
1200.97 23.8909
1170.34 19.0409
1143.97 16.74
1124 17.8538
1112.26 20.2625
1103.03 23.8626
1089.4 36.223
1080.14 62.1754
1071.39 81.3928
1069.37 100.944
1064.98 118.324
1061.15 137.637
1057.73 149.248
1054.76 162.079
1051.64 171.926
1049.21 183.181
1046.46 191.646
1045.94 202.154
1046.39 213.524
1047.3 222.868
1047.42 230.51
1048.68 238.546
1047.95 243.228
1046.22 247.383
1044.53 249.641
1043.93 252.835
1043.85 254.951
1044.12 255.81
1043.97 257.243
1045.58 256.294
1048.14 255.177
1052.38 253.207
1057.16 241.453
1061.04 222.999
1069.08 196.367
1069.25 183.543
1069.58 178.579
1074.23 172.938
1086.52 169.752
1108.21 169.872
1137.24 186.855
1152.55 218.586
1154.55 232.696
1152.54 237.126
1156.36 249.35
1155.53 266.505
1128.11 280.254
1091.59 285.383
1048.29 293.163
997.838 298.887
951.483 303.381
911.979 305.916
879.498 305.912
855.46 302.594
832.028 297.232
819.669 298.38
804.855 294.357
792.588 282.146
785.238 264.408
783.387 244.15
796.317 229.025
841.143 227.834
883.792 226.634
898.991 218.944
906.164 213.061
911.293 197.304
914.749 189.127
917.95 182.278
921.74 175.148
924.582 166.892
925.818 160.145
925.054 154.516
924.953 149.546
926.648 144.572
929.999 141.66
935.311 135.995
959.269 132.743
993.525 129.573
1022.41 133.991
1051.57 148.113
1071.09 185.122
1090.77 219.191
1109.22 243.305
1115.09 253.497
1116.71 257.425
1119.5 268.797
1115.83 277.971
1109.25 283.427
1102.31 288.17
1094.84 289.709
1081.76 289.661
1048.16 288.498
1022.31 286.772
1007 282.611
987.692 270.422
951.997 257.092
910.363 250.719
898.968 258.358
888.425 255.954
878.915 253.427
873.841 250.826
870.483 248.369
867.669 246.171
868.013 241.489
872.893 237.314
878.536 233.678
882.849 230.342
886.535 225.71
908.16 215.502
921.747 212.402
931.652 209.029
945.624 203.824
983.46 196.378
1028.93 187.873
1050.21 190.524
1071.31 194.831
1090.37 193.483
1120.63 206.432
1138.85 214.632
1138.95 205.291
1147.58 206.617
1152.8 207.391
1152.77 207.222
1149.01 207.182
1138.29 205.06
1104 205.057
1080.43 203.532
1060.02 201.446
1035.98 200.284
1000.64 200.479
954.537 203.753
917.07 206.858
883.917 209.866
865.754 213.739
852.012 217.143
843.796 220.486
842.062 224.268
843.866 226.027
845.514 226.726
846.749 226.731
850.68 225.574
868.618 215.499
910.448 202.091
953.893 186.17
981.342 176.182
996.147 181.004
1023.94 177.893
1075.42 176.115
1160.55 197.097
1173.99 201.517
1177.8 200.427
1177.31 205.17
1170.36 212.579
1157.27 222.706
1141.81 229.696
1118.42 238.341
1089.93 244.665
1061.95 248.971
1035.05 252.552
1019.44 253.619
1008.11 253.708
998.8 253.484
991.686 252.866
985.66 251.435
981.124 250.384
977.325 248.944
974.925 250.122
973.594 253.501
972.28 253.475
968.721 250.656
963.132 244.799
960.093 242.114
959.475 240.25
962.364 238.218
967.71 236.753
973.393 234.648
996.068 231.613
1015.81 227.922
1035.63 215.802
1054.37 199.597
1087.67 177.839
1146.85 154.477
1195.21 143.182
1219.97 141.938
1227.79 146.3
1243.93 140.1
1304.38 136.479
1353.14 137.424
1373.67 137.627
1392.31 138.264
1411.1 141.666
1426.42 143.89
1432.25 143.193
1431.43 139.034
1425.6 134.678
1413.54 131.347
1392.03 129.87
1375.45 127.703
1367.13 126.993
1359.2 125.149
1341.92 120.87
1311.11 115.473
1276.62 110.346
1251.78 108.712
1243.23 111.848
1235.64 117.803
1229.07 119.399
1202.75 121.655
1191.4 124.334
1184.36 126.528
1180.14 131.168
1167.81 133.63
1118.23 137.246
1087.56 138.755
1073.4 142.173
1061.99 145.853
1052.21 149.308
1043.05 152.199
1034.08 154.286
1025.48 155.003
1018.07 155.125
1011.94 154.937
1007.76 154.792
1004.88 153.533
1002.94 151.667
1001.74 151.231
999.411 150.55
996.358 150.323
993.001 151.565
989.484 155.313
986.182 169.34
982.478 187.138
978.181 205.817
972.202 215.03
961.892 222.944
941.296 228.162
925.392 229.239
907.232 233.653
876.733 236.94
837.988 240.281
808.785 242.233
793.316 243.514
778.752 242.817
753.842 233.534
718.405 219.905
685.648 200.967
661.407 186.439
652.245 183.698
646.774 184.436
636.869 178.654
633.536 173.092
659.56 157.025
691.23 143.349
713.286 128.577
745.28 111.223
779.586 98.3668
809.05 98.2543
827.022 98.7249
839.357 95.1176
851.637 93.1151
884.998 121.645
907.713 156.094
917.836 178.184
921.617 184.669
925.091 188.806
931.873 197.168
937.561 203.823
942.207 210.006
945.59 215.608
948.007 220.253
948.903 222.921
951.239 224.459
954.484 226.74
958.466 227.59
963.936 228.478
969.901 229.713
976.179 231.053
981.06 230.323
985.503 229.751
988.74 228.017
989.505 224.354
988.737 219.072
988.182 213.29
988.855 206.613
988.375 196.28
981.543 177.108
973.827 168.346
969.052 168.254
967.763 168.371
962.299 166.233
958.356 163.761
955.904 164.206
953.534 163.939
950.168 163.952
951.06 163.601
949.835 166.347
953.096 171.946
953.762 177.078
953.987 182.186
957.758 189.897
961.661 196.13
969.277 205.049
1001.67 223.902
1021.15 230.572
1020.13 226.486
1029.2 233.512
1038.7 240.06
1050.36 242.846
1058.42 243.327
1066.84 246.715
1071.93 245.37
1076.32 244.276
1080.41 242.152
1081.42 238.617
1079.6 232.914
1076.47 226.239
1059.56 211.135
1054.91 210.804
1041.85 199.467
1016.3 193.146
995.305 187.16
962.867 179.055
936.807 178.721
907.182 176.924
881.761 171.604
858.143 165.202
829.635 161.998
818.649 168.751
808.133 166.304
