457 133
456.897 130.788
457.465 128.469
458.306 126.627
458.616 124.8
458.125 123.493
458.265 121.84
457.966 120.751
457.48 119.858
457.62 118.428
457.623 117.569
457.41 116.771
457.923 115.61
457.587 114.338
457.267 113.537
456.7 112.771
456.879 111.089
457.094 109.596
456.874 108.924
457.065 108.648
457.089 107.84
456.494 107.584
455.444 106.902
454.243 105.871
452.437 105.422
450.659 104.263
448.303 103.412
445.006 103.381
442.064 103.305
438.318 103.394
433.538 104.674
431.09 105.844
436.023 107.06
456.845 110.856
476.632 115.058
485.222 117.111
486.319 117.625
486.704 118.746
483.787 121.359
481.446 126.585
479.668 129.073
478.52 132.691
477.43 135.726
477.057 138.401
476.228 141.031
475.239 143.935
473.618 146.899
472.235 149.539
472.068 150.1
471.385 151.76
471.196 154.202
470.101 154.87
470.59 154.771
471.061 155.519
469.879 156.907
469.99 156.637
469.639 156.515
467.805 157.593
470.415 155.817
473.462 154.708
475.011 154.99
475.712 155.216
475.531 155.693
475.454 156.759
475.869 158.241
479.021 158.693
499.93 162.85
528.757 167.682
543.172 168.589
541.842 162.712
546.883 164.95
551.99 167.034
562.096 171.91
571.187 174.756
581.719 176.96
594.031 180.726
601.363 178.899
610.394 179.831
620.387 181.272
630.846 183.197
641.987 185.393
651.268 186.059
660.164 187.571
666.474 190.211
668.19 191.234
668.868 193.645
669.97 195.304
669.492 196.683
668.085 197.696
668.102 199.383
668.506 200.064
668.059 200.73
666.512 200.792
663.857 200.915
659.748 200.425
654.452 199.387
647.022 197.871
635.217 196.638
623.743 195.458
616.477 191.518
609.969 189.406
605.335 185.243
602.753 179.916
600.85 175.434
598.934 169.668
595.774 164.712
593.047 160.453
591.702 155.071
587.023 150.454
566.781 147.925
541.768 144.465
517.43 139.513
500.303 139.287
482.963 137.291
465.899 133.73
448.159 130.052
430.528 127.454
414.274 124.765
396.457 124.483
380.548 122.868
368.009 118.972
359.164 114.289
351.864 109.806
343.929 106.87
336.668 105.17
329.366 104.111
322.469 104.156
316.335 105.05
307.699 108.618
296.391 114.141
277.202 121.342
252.902 127.105
220.274 132.343
190.652 136.596
165.216 139.793
145.017 142.128
129.975 141.695
117.774 142.827
109.266 142.069
105.562 137.799
107.513 131.343
108.178 126.866
111.331 121.922
112.413 119.885
111.277 121.268
112.46 123.648
114.576 125.766
121.085 123.284
128.132 120.716
135.204 118.032
142.778 113.461
149.169 109.304
154.753 106.234
160.743 103.539
167.359 101.83
174.31 97.9779
179.725 96.0677
187.714 89.7906
198.247 78.7581
205.99 76.0016
207.038 80.7552
209.838 81.7467
216.705 76.7628
225.196 68.3437
233.881 62.2271
242.691 57.1679
249.657 55.4251
256.568 54.0951
263.424 51.7992
270.707 50.8796
275.704 50.5378
283.52 48.3311
287.401 46.6999
289.375 48.9198
288.597 56.8619
284.906 64.6339
281.712 67.9455
280.755 67.8958
279.788 64.6333
277.88 59.8815
275.078 57.3487
272.091 55.5941
270.723 51.1834
269.196 47.7185
268.617 44.9077
269.602 42.3458
274.764 36.1948
284.124 25.7256
293.211 22.6535
298.704 25.0497
304.35 25.5201
310.619 24.1206
313.781 25.4548
316.204 26.5422
319.666 28.1941
322.848 31.8651
325.978 35.0355
328.574 38.3296
329.979 41.4157
333.218 44.1758
338.536 44.1654
345.505 43.5084
353.029 42.7255
361.865 42.3154
387.228 41.6184
408.063 40.1156
422.737 39.8937
433.465 44.0499
447.303 50.2883
457.392 52.515
463.545 52.7987
470.508 56.4885
478.077 59.2073
487.354 60.5724
496.875 62.8041
505.542 64.6311
516.011 65.0199
526.719 65.5858
534.947 66.6321
540.042 67.7117
540.194 69.0797
538.976 70.588
539.098 70.6576
539.358 70.41
540.069 70.4804
538.652 71.8663
534.113 73.3434
529.805 74.5506
525.151 75.0638
519.359 76.0524
512.27 76.817
506.604 77.5847
502.378 76.0317
498.103 77.0499
493.553 78.054
490.735 77.3857
487.932 77.9425
484.915 79.2098
483.736 79.3
483.329 78.7112
484.134 77.8483
485.123 76.3271
486.165 75.0376
486.109 74.3856
484.813 75.6167
484.601 75.0429
485.223 72.7553
486.518 71.5513
486.824 70.4108
485.664 70.248
484.468 69.3325
482.036 69.2436
478.175 69.8201
473.779 70.8205
468.49 70.848
462.702 71.4463
456.031 72.7872
447.174 74.9331
437.243 77.7917
427.559 81.1
418.966 82.9916
410.32 85.1995
403.297 87.3115
398.47 89.2255
396.264 90.0407
396.856 90.1384
405.401 88.6848
414.953 88.5321
418.044 89.0109
420.638 88.666
422.091 88.5852
423.247 87.8464
425.304 86.614
428.432 84.7371
431.251 83.4353
434.528 81.8552
436.874 80.6115
437.592 80.2256
437.968 79.7824
438.4 78.5897
440.877 75.1959
443.577 72.5794
443.483 72.1377
441.472 73.9574
439.129 74.5234
436.679 74.8862
434.414 74.3569
431.386 74.7475
427.375 75.7082
423.38 77.7328
417.565 81.4107
408.037 87.1162
400.005 93.7867
396.144 96.3636
395.28 95.561
394.244 96.3037
395.997 96.7562
399.041 98.0685
402.568 98.5911
406.323 97.2863
410.803 95.0535
414.31 92.0338
416.7 89.9594
418.67 87.2632
419.255 85.1556
418.578 84.6439
415.088 83.5992
393.675 85.6207
360.704 90.9365
336.872 93.4549
321.728 93.2879
306.811 93.945
286.687 96.1813
268.025 97.6727
249.763 99.9785
232.012 101.496
215.127 103.869
201.823 107.279
193.508 109.541
188.661 111.834
187.456 113.178
189.654 114.758
194.009 114.985
202.172 114.64
213.601 114.925
226.34 113.48
239.52 112.19
253.123 110.681
266.598 108.362
279.806 104.874
292.393 101.74
303.272 99.2069
312.362 96.8034
319.892 94.9639
325.092 93.6636
328.849 93.9342
332.083 93.197
