975.255 437.739
974.902 439.42
973.736 440.053
973.876 442.169
973.445 443.274
971.626 443.924
970.016 444.739
967.829 445.055
965.816 445.897
963.398 445.456
961.844 445.833
959.936 444.347
958.023 442.525
957.018 442.148
955.112 440.703
953.677 439.323
952.385 438.092
950.273 436.806
948.631 435.353
947.594 434.341
946.224 432.163
945.118 430.604
944.148 428.803
943.618 427.326
942.904 425.835
943.378 424.27
944.062 423.296
944.835 421.378
945.047 419.944
944.87 418.695
944.802 416.981
945.395 413.731
943.585 409.715
944.56 407.31
944.903 405.674
943.579 404.055
941.871 404.357
941.4 405.216
938.78 408.035
937.71 412.69
937.17 418.516
935.202 425.281
933.541 433.166
932.922 445.705
931.237 454.958
930.306 460.705
930.315 466.443
927.92 471.414
926.717 476.615
925.039 480.424
923.842 483.428
922.433 484.752
920.029 485.664
915.893 487.103
911.611 487.924
890.686 487.831
868.229 491.713
858.792 494.705
844.614 503.92
816.266 511.495
802.234 513.675
793.195 517.573
783.153 523.041
776.245 525.333
767.21 530.748
759.614 534.821
754.414 537.686
751.439 539.524
760.181 533.376
814.43 518.366
852.044 497.005
908.006 473.522
954.795 460.539
1007.65 445.031
1055.89 426.255
1115.99 412.215
1237.88 410.97
1301.21 403.177
1327.09 391.192
1333.35 374.097
1330.87 362.987
1325.08 352.134
1311.61 342.163
1284.87 334.778
1247.55 326.638
1213.08 323.275
1183.27 318.261
1156.39 315.882
1134.9 317.009
1121.01 319.399
1110.07 322.974
1095.74 335.265
1085.08 361.159
1075.07 380.363
1071.84 399.889
1065.85 417.286
1060.66 436.587
1056.13 448.22
1052.85 461.11
1049.58 470.932
1047.32 482.167
1044.33 490.674
1043.6 501.168
1043.48 512.557
1044.36 521.877
1044.6 529.607
1046.22 537.627
1046.36 542.361
1046.03 546.497
1045.32 548.806
1044.78 551.948
1045.38 554.095
1046.4 554.982
1046.45 556.421
1048.3 555.41
1050.7 554.378
1054.34 552.432
1058.44 540.71
1062.29 522.211
1070.75 495.629
1072.28 482.736
1074.05 477.611
1080.02 472.099
1093.47 468.912
1116.5 469.055
1146.25 486.125
1161.9 517.875
1165.01 531.988
1164.17 536.341
1167.96 548.454
1165.59 565.493
1136.68 579.232
1098.65 584.303
1053.7 592.012
1001.52 597.674
953.996 602.207
914.35 604.742
881.764 604.745
857.477 601.469
833.792 596.035
821.596 597.178
807.999 593.14
797.695 580.96
791.889 563.176
790.178 542.925
800.414 527.831
843.01 526.624
885.523 525.478
902.389 517.798
910.583 511.867
914.603 496.151
915.857 487.948
917.884 481.091
922.021 473.945
925.787 465.662
927.59 458.966
927.326 453.287
927.392 448.262
929.395 443.24
933.474 440.358
940.596 434.694
966.439 431.429
1002.44 428.215
1032.55 432.653
1061.94 446.862
1082.16 483.722
1103.44 517.698
1123.38 541.803
1129.49 551.877
1130.45 555.763
1131.26 567.111
1125.2 576.365
1116.22 581.833
1107.28 586.582
1098.66 588.097
1085.51 588.066
1052.24 586.791
1026.61 585.033
1012.15 580.844
995.063 568.585
962.58 555.129
923.729 548.642
913.342 556.252
902.516 553.809
892.74 551.262
886.181 548.749
880.287 546.363
875.886 544.219
875.765 539.511
880.663 535.394
886.138 531.734
890.299 528.352
894.178 523.751
915.991 513.509
929.826 510.327
939.77 506.963
953.631 501.73
991.647 494.351
1038.05 485.798
1059.49 488.532
1080.15 492.867
1099.81 491.502
1132.49 504.435
1153.55 512.521
1156.21 503.013
1167.19 504.098
1174.17 504.659
1174.37 504.413
1170.12 504.307
1158.53 502.152
1123.08 502.101
1098.74 500.56
1078.56 498.43
1054.53 497.294
1018.37 497.437
970.382 500.786
930.71 503.96
895.697 507.063
875.929 511.001
860.201 514.458
849.731 517.806
845.804 521.6
846.961 523.34
849.31 523.983
851.456 523.981
854.904 522.823
871.892 512.759
913.394 499.392
958.135 483.437
986.105 473.512
1000.88 478.339
1029.36 475.128
1085.39 473.849
1172.12 494.978
1188.63 499.34
1195.46 497.901
1197.39 502.362
1190.71 509.737
1176.94 519.832
1159.92 526.876
1134.14 535.556
1103.88 541.927
1074.15 546.21
1045.65 549.826
1029.41 550.917
1018.31 551.014
1009.89 550.765
1003.86 550.126
999.836 548.622
997.29 547.457
995.233 545.933
992.986 547.048
990.115 550.522
988.062 550.515
986.455 547.536
982.535 541.545
977.872 538.949
973.964 537.285
974.255 535.36
978.211 533.907
983.609 531.857
1006.7 528.855
1027.92 525.084
1048.2 512.985
1067.53 496.72
1101.71 475.043
1160.75 451.847
1208.22 440.769
1232.62 439.675
1240.09 443.987
1257.12 437.798
1318.96 434.411
1367.79 435.612
1388.43 435.877
1406.42 436.588
1422.34 440.13
1434.55 442.37
1438.27 441.532
1436.5 437.339
1430.57 432.991
1418.31 429.598
1396.36 428.012
1379.61 425.759
1371.28 424.9
1363.84 423.032
1348.17 418.574
1320.2 412.991
1288.48 407.586
1265.27 405.8
1256.23 408.997
1248.02 415.003
1241.81 416.498
1216.16 418.643
1204.56 421.31
1196.11 423.577
1189.72 428.252
1176.03 430.713
1120.05 434.489
1089.5 435.881
1075.28 439.286
1063.27 442.969
1052.47 446.412
1042.45 449.287
1032.55 451.305
1023.47 452.04
1015.73 452.147
1009.6 451.928
1005.7 451.756
1002.9 450.518
1001.54 448.642
1001.32 448.164
1000.1 447.463
997.693 447.22
995.321 448.388
992.525 452.085
989.746 466.121
986.766 483.865
983.196 502.495
978.161 511.644
969.695 519.533
951.032 524.651
935.823 525.656
917.265 530.047
885.442 533.383
844.692 536.792
813.81 538.827
797.172 540.181
782.169 539.497
757.062 530.336
720.779 516.779
687.016 497.907
661.323 483.412
650.22 480.725
643.134 481.41
632.638 475.546
628.621 469.858
654.053 453.718
685.101 439.928
707.305 425.008
739.844 407.589
775.336 394.665
805.978 394.524
824.625 394.836
838.339 391.203
853.112 389.211
889.226 417.434
913.932 451.713
925.566 473.784
930.928 480.154
935.629 484.249
943.071 492.483
949.897 499.096
955.017 505.205
957.928 510.803
959.393 515.488
959.963 518.154
961.545 519.75
963.626 522.036
966.588 522.942
970.653 523.822
974.939 525.129
979.702 526.478
983.771 525.769
987.784 525.138
990.338 523.429
990.851 519.737
990.628 514.437
989.82 508.649
989.606 501.984
988.095 491.655
980.563 472.447
972.676 463.606
968.048 463.522
967.313 463.638
962.378 461.513
958.401 459.031
955.57 459.496
953.555 459.23
950.881 459.283
951.014 458.942
949.589 461.684
949.668 467.298
948.419 472.386
947.811 477.489
949.748 485.178
953.106 491.445
961.173 500.408
991.737 519.278
1009.15 525.793
1007.88 521.863
1016.03 528.718
1023.05 535.259
1035.52 538.071
1044.59 538.572
1053.03 541.979
1058.83 540.58
1063.69 539.542
1067.92 537.371
1069.87 533.859
1068.76 528.118
1066.83 521.475
1050.97 506.34
1046.7 506
1033.76 494.666
1008.02 488.256
987.334 482.253
953.916 474.032
926.385 473.659
895.593 471.799
868.969 466.465
844.635 460.086
815.729 456.905
802.776 463.555
789.471 460.938
