464.385 437.752
464.068 438.822
462.994 439.053
463.142 441.019
462.74 441.955
460.924 442.917
459.226 443.501
457.063 443.778
455.087 444.502
452.715 442.951
451.128 443.772
449.3 443.695
447.331 442.881
446.361 442.656
444.451 441.156
443.05 440.389
441.787 439.682
439.655 438.677
438.019 436.696
437.004 435.554
435.524 432.896
434.419 430.853
433.392 428.098
432.855 425.759
432.236 423.763
432.678 421.572
433.421 420.079
434.171 418.209
434.36 417.589
434.202 415.688
434.126 415.3
434.744 414.815
432.916 414.2
433.892 412.996
434.212 410.534
432.92 406.602
431.253 404.822
430.797 403.915
428.266 404.172
427.241 407.064
426.767 411.075
424.805 414.604
423.266 420.714
422.747 430.943
420.995 438.888
420.126 444.761
420.131 450.702
417.831 452.255
416.756 454.393
415.225 454.883
414.158 455.596
412.743 456.199
410.223 457.953
406.212 457.58
401.967 458.004
381.041 458.107
358.582 461.593
349.4 462.378
335.178 470.33
306.708 479.326
292.537 482.982
283.408 489.235
273.244 496.776
266.307 499.738
257.474 503.452
249.991 506.103
244.912 509.014
241.905 511.75
251.021 505.76
305.497 490.719
343.204 470.123
398.81 449.163
445.229 437.618
497.653 422.642
545.439 405.151
606.197 392.68
727.534 394.997
789.452 389.885
815.097 382.649
821.658 373.415
819.73 364.312
814.095 357.405
800.92 351.575
774.557 348.659
737.747 343.107
703.743 340.796
674.147 337.117
647.49 333.732
626.131 332.351
612.383 331.067
601.422 331.773
587.291 342.315
576.735 366.203
566.859 383.228
563.683 400.837
557.739 415.554
552.528 432.46
547.97 442.164
544.729 454.431
541.515 464.044
539.255 475.539
536.264 483.62
535.457 493.837
535.268 504.101
536.183 513.328
536.422 521.272
537.892 529.699
538.056 535.926
537.699 542.455
536.942 546.529
536.435 549.742
537.084 553.032
538.11 555.079
538.116 556.97
539.969 556.335
542.359 555.054
546.05 551.985
550.083 538.988
553.875 520.271
562.334 494.543
563.957 484.044
565.639 481.402
571.657 477.933
585.084 476.723
608.076 479.178
637.758 497.344
653.366 530.331
656.493 546.179
655.807 552.499
659.691 564.56
657.27 578.991
628.372 591.038
590.505 594.327
545.825 599.335
493.871 602.085
446.521 604.698
406.79 607.027
374.22 607.017
349.918 603.434
326.241 597.564
313.948 599.055
300.331 597.049
289.999 588.192
284.216 572.992
282.484 553.269
292.631 534.065
335.51 528.304
377.923 527.085
394.753 522.782
402.931 518.534
406.954 500.997
408.146 489.046
410.18 480.233
414.339 473.627
418.07 466.888
419.979 461.097
419.774 456.242
419.85 451.497
421.892 446.855
426.111 445.127
433.318 442.385
459.175 442.429
495.178 442.272
525.398 448.695
554.862 463.456
575.103 501.627
596.431 538.304
616.41 565.017
622.557 575.265
623.646 577.857
624.333 585.853
618.229 590.991
609.215 592.305
600.299 593.692
591.712 593.214
578.671 593.146
545.615 592.53
520.071 591.289
505.739 588.599
488.735 580.037
456.504 572.193
417.759 570.104
407.315 579.173
396.522 576.376
386.709 573.475
380.05 568.359
374.065 561.607
369.566 556.705
369.449 551.258
374.361 547.174
379.906 543.322
384.073 539.613
388.016 535.403
409.841 525.526
423.698 522.855
433.672 519.587
447.592 514.232
485.687 507.436
531.874 499.748
553.413 502.78
574.026 506.242
593.657 506.184
626.424 523.276
647.656 536.31
650.604 531.099
661.914 536.115
669.117 539.583
669.434 539.636
665.26 538.6
653.628 534.912
618.426 532.864
594.129 530.306
574.108 528.64
550.152 527.614
513.855 526.748
465.859 526.891
426.04 525.918
390.94 525.859
371.104 526.803
355.32 526.928
344.827 526.415
340.839 526.554
342.111 527.214
344.53 529.004
346.616 530.584
350.162 528.48
367.24 516.931
408.723 503.531
453.474 489.512
481.185 481.089
495.932 485.825
524.657 483.34
581.46 484.766
666.012 509.215
682.638 518.139
689.835 521.729
692.123 530.232
685.594 538.152
671.852 547.271
654.902 551.634
629.151 556.221
599.003 559.507
569.351 560.823
540.944 561.95
524.74 562.031
513.676 562.711
505.392 563.861
499.437 564.889
495.551 566.903
493.155 569.121
491.305 570.385
489.109 571.784
486.109 572.684
484.026 571.344
482.611 571.682
478.858 568.498
474.109 563.127
470 555.895
470.182 549.567
474.109 545.811
479.544 543.325
502.773 541.374
524.18 539.679
544.543 528.587
563.865 513.458
598.255 493.347
657.042 469.975
703.576 457.322
727.897 455.128
735.369 458.877
752.368 454.168
814.738 452.655
863.181 454
883.627 454.423
901.374 453.97
916.984 452.55
929.093 449.611
932.809 445.277
931.234 439.738
925.325 435.179
913.324 431.243
891.791 429.124
875.352 426.522
867.107 425.623
859.831 424.783
844.639 423.202
817.162 422.296
785.935 421.693
762.956 422.701
754.133 425.181
746.03 430.03
739.945 432.076
714.548 435.446
702.927 437.544
694.506 437.286
688.085 438.35
675.011 438.429
619.375 441.445
588.945 443.133
574.792 446.458
562.95 448.951
552.122 450.736
542.121 452.211
532.288 452.558
523.215 452.543
515.534 452.339
509.485 451.992
505.734 452.08
502.977 450.937
501.599 449.999
501.534 451.173
500.426 452.282
498.158 453.057
495.909 455.788
493.227 460.727
490.56 475.64
487.749 494.685
484.229 514.49
479.347 525.076
470.992 536.181
452.484 544.513
437.369 546.727
418.875 550.394
386.691 551.592
345.763 551.601
314.796 550.527
298.062 550.033
283.046 548.519
257.878 538.762
221.449 524.165
187.424 503.653
161.441 486.397
150.278 480.454
143.263 478.528
132.716 471.531
128.767 464.467
154.311 447.209
184.991 432.569
207.449 417.62
240.233 401.085
275.907 389.858
306.508 391.222
325.42 392.598
339.344 391.227
354.348 393.489
390.812 426.352
415.714 464.025
427.399 488.593
433.005 497.732
437.798 503.69
445.349 512.979
452.31 521.436
457.527 528.475
460.521 533.234
461.98 536.179
462.524 538.376
464.094 538.536
466.179 538.852
468.956 538.227
472.972 536.84
477.171 535.271
481.916 534.021
485.967 531.839
489.913 530.483
492.469 527.602
493.058 523.645
492.801 518.982
491.977 512.893
491.696 504.654
490.255 492.65
482.742 472.081
474.959 463.135
470.3 463.234
469.459 464.201
464.604 462.945
460.692 460.547
457.844 460.46
455.871 460.591
453.222 461.593
453.336 459.923
452.001 462.266
452.088 462.628
450.908 464.423
450.286 468.165
452.19 472.8
455.549 478.051
463.577 487.89
494.214 503.468
511.692 507.297
510.371 502.86
518.53 508.092
525.743 510.389
538.125 514.784
547.079 516.887
555.597 520.383
561.184 520.246
566.01 520.06
570.293 518.183
572.031 516.245
571.047 511.56
568.962 506.987
552.998 493.4
548.85 493.734
535.937 483.811
510.285 476.925
490.017 471.048
456.748 461.236
429.384 458.355
398.592 454.645
371.986 447.27
347.719 439.746
318.832 435.394
306.018 438.691
293.02 431.342
