862 133
861.884 131.342
862.437 130.531
863.26 130.336
863.6 129.265
863.13 127.647
863.296 126.189
863.022 124.499
862.581 122.928
862.752 121.939
862.774 121.075
862.586 120.102
863.107 119.916
862.813 119.322
862.508 118.886
861.928 118.333
862.045 117.71
862.206 117.687
861.998 117.311
862.199 117.203
862.244 116.662
861.703 116.683
860.612 115.797
859.352 115.081
857.49 115.209
855.643 114.854
853.209 114.197
849.848 113.738
846.828 113.212
842.984 111.44
838.029 109.83
835.379 108.325
840.203 109.516
860.574 114.452
880.494 119.013
889.168 120.794
890.385 120.95
890.845 120.987
887.983 121.698
885.753 124.872
884.085 125.825
883.161 126.884
882.283 127.549
882.161 130.073
881.745 132.622
881.109 134.098
879.877 134.428
878.909 135.711
879.195 137.126
879.143 139.381
879.566 139.666
879.004 140.554
880.046 142.459
881.189 142.253
880.504 141.751
881.164 141.685
881.127 141.234
879.723 141.309
883.017 143.722
886.769 147.661
888.977 150.164
890.265 150.968
890.638 151.286
891.032 150.638
891.891 149.225
895.482 147.376
918.085 151.476
949.888 157.164
965.723 158.15
965.355 151.949
972.023 153.001
978.457 154.538
990.193 160.358
1001.38 164.577
1013.98 170.572
1028.9 178.425
1038.36 179.405
1050.06 181.916
1062.88 185.964
1076.37 191.566
1091.08 194.255
1104.7 193.503
1118.45 195.601
1129.43 198.21
1134.8 195.242
1139.23 195.936
1143.8 199.707
1145.99 203.896
1146.97 206.441
1149.79 209.967
1152.9 214.538
1155.6 217.425
1157.29 219.367
1158.03 219.949
1156.71 221.31
1153.9 220.681
1148.99 216.128
1139.14 207.794
1128.95 203.495
1123.67 197.16
1119.33 190.028
1116.91 184.134
1117.27 179.928
1118 178.516
1117.85 177.764
1116.41 174.613
1115.5 171.769
1115.77 170.437
1112.36 166.578
1091.21 162.505
1064.45 156.371
1039.24 149.05
1022.08 146.698
1004.57 141.888
987.538 137.356
969.977 134.136
953.114 131.308
937.727 126.714
921.003 121.817
906.43 118.31
895.407 115.953
888.049 114.643
882.175 113.307
875.692 111.098
869.989 109.772
864.121 107.93
858.745 105.477
854.08 103.925
846.851 101.991
836.749 99.0947
819.126 96.5378
796.777 94.5211
768.336 93.9199
744.145 93.5913
723.997 92.2327
708.849 91.8344
698.198 90.2863
689.894 89.0864
685.028 87.0493
684.918 85.4371
689.946 83.7214
693.404 81.8728
698.832 79.6913
702.444 76.7481
703.782 75.2418
706.816 72.8885
710.598 69.0012
718.936 66.3156
727.861 64.266
736.509 61.8199
746.034 59.3975
754.552 56.5584
762.275 53.7176
770.259 50.8178
778.573 48.8183
787.632 46.7591
795.196 45.8994
805.971 46.2591
819.419 47.1695
828.984 46.5711
831.188 42.0848
835.16 37.1746
844.19 36.1061
854.92 35.5656
865.523 36.9633
875.779 36.7129
883.99 36.4058
891.875 34.8598
899.814 34.8742
907.959 36.6149
913.719 37.9129
922.517 41.5053
927.525 43.1114
930.342 44.8149
930.012 43.441
926.68 40.5662
923.996 39.9437
923.686 41.0296
923.565 42.4069
922.471 42.5763
920.394 42.1514
918.09 40.7605
917.484 38.8874
916.449 36.998
916.212 34.6465
917.594 32.5136
922.986 33.2502
932.181 34.6747
941.086 34.758
946.781 30.3183
952.476 28.0157
958.667 29.2239
961.753 28.9878
963.932 27.4804
966.888 28.7748
969.416 29.4928
971.634 29.8639
973.123 29.5277
973.191 28.6958
974.993 29.4031
978.796 30.2039
984.207 33.3155
990.301 36.8035
997.294 37.2509
1021.8 37.8859
1042.27 40.5388
1056.31 44.4346
1066.38 43.3951
1080.23 45.1888
1089.58 48.6333
1094.58 49.5528
1100.46 49.5802
1106.73 49.6731
1114.88 52.0323
1123.42 53.8073
1130.98 50.6577
1140.78 47.9577
1151.26 48.3259
1159.29 48.9135
1163.81 48.8438
1162.57 47.0864
1159.23 47.4067
1156.76 51.4903
1154.65 56.5005
1153.45 61.3205
1149.87 65.0193
1142.92 65.73
1136.48 67.4717
1129.58 70.3489
1121.7 72.7637
1112.38 73.2551
1105.04 74.8898
1099.17 76.9197
1093.25 79.3904
1087.18 80.2018
1083.13 81.1579
1079.22 82.5935
1075.34 82.6326
1073.38 83.7403
1072.12 85.8706
1072.21 89.1402
1072.64 92.2882
1073.26 95.2683
1072.99 96.5996
1071.67 95.7566
1070.8 95.8504
1070.8 98.5131
1071.88 101.574
1071.8 103.613
1070.29 105.351
1068.85 106.671
1066.4 106.684
1062.4 106.825
1057.73 106.874
1052.09 105.853
1046.13 105.77
1039.43 104.562
1030.37 101.809
1020.33 98.4417
1010.39 95.4564
1001.5 92.8467
992.583 89.6407
985.193 86.2563
980.107 84.0812
977.592 84.2134
977.835 85.346
986.563 86.8672
996.851 87.4492
1000.39 88.7343
1003.56 90.7162
1005.53 91.9948
1007.09 93.0848
1009.59 94.9988
1013.29 97.0839
1016.7 98.7969
1020.75 99.9611
1024.05 100.024
1026.15 98.0868
1027.47 96.5335
1028.34 96.1959
1030.91 97.653
1033.91 99.4625
1034.38 98.5983
1032.78 98.116
1030.54 96.7723
1027.83 97.8734
1025.04 98.8232
1021.4 100.124
1016.96 99.754
1012.58 98.5819
1006.27 95.5147
996.235 89.0501
987.601 82.9207
982.828 82.1776
981.179 82.2257
979.446 81.1263
980.876 80.4725
984.071 80.5613
987.944 83.2183
992.143 87.0745
997.075 91.7617
1000.86 96.9605
1003.59 101.607
1005.87 105.301
1006.88 107.692
1006.63 109.532
1003.19 110.389
981.153 111.553
948.999 113.101
926.217 114.058
911.984 114.518
897.993 114.423
878.962 114.883
862.223 114.797
845.94 114.598
830.223 113.793
815.679 112.736
804.304 112.477
797.105 112.019
792.802 111.083
791.482 109.508
793.104 108.693
796.694 106.976
803.543 104.955
813.009 103.895
823.802 102.234
834.963 101.032
846.667 100.207
858.565 99.9079
870.438 100.078
881.892 101.165
891.812 101.573
900.121 101.778
907.049 102.301
911.736 101.29
915.101 99.5615
918.053 97.1946
