457 500
456.43 497.887
455.668 495.422
455.038 493.614
454.685 491.78
454.387 490.495
454.344 488.974
454.495 487.929
454.584 487.069
454.403 485.767
454.342 484.943
454.25 484.14
453.952 483.018
452.975 481.865
452.341 481.08
451.646 480.315
450.961 478.75
449.922 477.346
449.505 476.717
449.605 476.43
449.446 475.651
448.588 475.305
447.815 474.545
446.397 473.43
444.217 472.958
441.876 471.795
439.411 470.989
436.62 470.913
434.271 470.732
432.498 470.915
430.604 472.256
430.752 473.429
435.743 474.83
455.575 479.141
475.103 484.086
483.782 486.451
485.168 487.039
486.526 488.23
485.458 490.886
485.187 496.094
485.028 498.739
486.411 502.656
487.766 505.956
487.81 509.08
487.293 512.119
487.943 515.475
488.951 518.895
489.004 522.133
488.4 523.568
487.498 525.942
489.675 528.994
488.737 530.589
487.633 531.373
489.164 532.68
489.988 534.528
490.188 534.949
490.373 535.575
489.51 537.548
488.336 536.783
486.992 536.703
486.817 537.886
487.179 539.064
487.363 540.496
489.104 542.473
492.488 544.812
497.825 546.322
519.051 552.372
547.39 560.418
561.646 563.215
560.48 558.212
567.052 561.739
572.797 565.443
582.389 572.38
590.645 577.364
597.88 581.532
606.895 587.551
611.879 587.871
619.892 591.158
627.961 595.163
635.59 599.949
646.535 605.726
657.827 609.825
667.726 614.481
675.47 620.34
681.437 624.482
684.478 629.726
684.617 634.227
682.27 638.475
680.267 642.439
679.244 647.214
676.639 650.944
674.963 654.618
672.665 657.596
670.679 660.708
666.118 663.29
661.202 665.325
657.617 666.645
653.431 667.926
645.129 669.191
640.009 668.068
638.272 668.984
634.746 667.515
631.077 664.655
626.12 662.807
618.577 659.635
613.217 656.911
608.892 654.752
603.219 651.362
597.521 648.173
577.362 644.947
553.666 641.726
530.184 636.505
513.924 636.271
498.249 634.459
481.085 630.828
462.09 627.073
443.802 624.549
428.657 622.398
414.58 622.569
400.015 621.47
385.527 618.438
373.032 614.703
362.485 611.278
353.656 609.354
345.833 608.666
339.222 608.669
334.67 609.651
330.692 611.398
327.236 615.719
323.53 621.519
313.205 628.619
295.928 634.192
267.462 639.231
241.203 643.773
218.903 647.672
200.348 650.772
185.323 651.636
174.691 653.914
166.723 654.451
160.092 651.744
157.39 646.977
155.458 644.09
156.231 640.816
157.951 640.112
159.175 642.848
164.372 646.37
171.723 649.379
178.116 648.397
184.233 647.471
190.768 646.409
196.073 643.686
201.15 641.417
206.456 640.188
212.591 639.39
219.251 639.536
224.247 637.662
228.324 637.534
230.267 633.655
230.033 625.326
235.483 624.119
244.119 629.876
251.742 632.128
254.865 629.028
256.14 622.668
257.77 618.26
261.951 614.665
267.144 614.095
273.673 613.883
278.007 612.561
282.423 612.273
285.437 612.304
287.687 610.929
288.197 610.219
290.317 612.77
297.356 620.868
302.603 628.805
302.547 632.177
300.149 632.636
294.533 629.688
287.704 625.234
282.603 622.809
278.961 621.425
275.222 617.514
272.105 614.463
270.841 611.985
271.376 609.985
270.633 604.73
269.827 595.298
275.851 592.867
286.325 595.911
293.399 596.72
296.843 595.483
300.814 597.225
304.973 598.853
308.428 600.561
313.987 604.013
319.526 606.728
325.352 609.563
330.405 612.016
335.303 614.084
339.536 613.401
343.482 611.991
347.287 610.267
355.142 609.846
378.365 611.074
394.7 610.456
406.185 610.417
420.648 614.954
438.282 622.015
447.558 623.933
452.94 623.114
463.888 626.381
474.688 628.583
484.683 629.285
496.31 630.929
509.853 632.265
524.332 632.32
536.419 632.252
545.962 632.053
552.976 631.006
556.512 629.628
556.594 628.452
552.995 626.231
548.275 623.666
544.346 621.441
540.929 620.672
536.805 619.832
531.869 618.899
525.095 617.166
517.954 616.117
511.222 615.23
504.593 614.452
497.354 611.506
492.138 611.232
487.535 611.105
483.323 609.433
480.22 609.15
478.57 609.768
476.617 609.332
473.908 608.306
471.248 607.006
468.3 605.04
465.77 603.243
464.052 602.069
464.697 603.042
463.544 602.466
459.486 599.795
457.056 598.113
454.51 596.574
451.426 596.002
448.027 594.618
445.393 594.117
442.216 594.361
438.603 595.096
434.107 594.752
429.117 594.937
424.905 596.061
420.637 598.055
416.535 600.809
412.707 604.06
408.223 605.921
404.438 608.241
402.359 610.444
401.381 612.508
399.844 613.606
399.908 613.922
406.337 613.782
415.877 614.857
419.056 615.712
420.27 615.759
420.848 616.235
420.695 616.113
420.297 615.769
420.144 614.95
420.761 614.707
422.136 614.157
423.693 613.848
426.214 614.145
427.779 614.294
427.432 614.151
424.898 611.613
423.034 609.514
423.341 609.227
423.78 611.142
423.484 611.783
420.59 612.065
417.127 611.373
413.673 611.55
411.18 612.309
410.398 614.174
411.03 617.728
413.035 623.128
417.148 629.27
416.557 631.615
414.561 631.106
415.223 632.176
417.96 632.939
422.368 634.444
424.262 635.286
423.461 634.433
421.839 632.691
418.08 630.143
414.397 628.538
410.564 626.22
407.245 624.49
404.61 624.387
399.353 623.55
379.39 623.349
349.005 626.121
326.234 627.553
310.234 627.059
295.859 627.432
277.049 628.975
259.635 630.124
243.463 632.191
227.736 633.803
213.659 636.152
203.192 639.469
196.91 641.527
194.717 643.611
196.045 644.637
200.373 645.887
206.65 645.788
216.637 645.35
229.619 645.412
243.033 643.799
256.62 642.471
270.03 640.905
282.081 638.798
292.295 635.528
301.27 632.418
309.599 629.931
316.557 627.447
322.093 625.588
327.28 624.072
332.967 624.149
337.811 623.339
